1249
1249
1249
1249
1249
1249
1249
1249
1249
1249
1249
1249
1249
1249
1249
1249
1249
1249
1249
286
285
286
289
286
285
287
288
285
282
289
286
286
288
285
286
1249
1249
1249
1249
299
1249
1249
1249
1249
1249
1249
302
1249
1249
1249
1249
1249
1249
1249
1249
1249
1249
1249
1249
1249
1249
1249
1249
1249
1249
285
1249
1249
1249
287
1249
279
1249
1249
1249
1249
1249
1249
1249
1249
1249
1249
1249
1249
1249
1249
1249
1249
1249
1249
1249
1249
1249
1249
299
1249
1249
291
1249
1249
300
1249
1249
1249
1249
1249
1249
1249
1249
1249
1249
1249
1249
1249
1249
1249
1249
1249
1249
1249
1249
1249
1249
1249
1249
1249
1249
1249
1249
1249
1249
1249
1249
1249
1249
1249
1249
1249
1249
1249
1249
1249
1249
1249
1249
1249
1249
1249
1249
1249
1249
1249
1249
1249
1249
1249
1249
1249
1249
1249
1249
1249
1249
1249
1249
1249
1249
2278
1249
1249
1249
1249
1249
1249
1249
1249
1249
1249
1249
1249
1249
1249
1249
1249
879
1249
1249
0
1249
1249
879
1249
1249
1249
1249
293
0
1249
1249
1249
1249
1249
1249
288
1249
286
280
292
300
897
299
892
903
879
890
890
883
886
885
900
888
0
896
893
1249
908
895
0
905
892
0
925
0
0
889
0
0
918
907
898
674
1053
2682
0
178
935
969
508
942
293
949
10189
1066
838
3495
0
0
879
904
298
879
897
0
899
901
0
883
888
891
945
883
304
894
894
894
903
895
895
898
1249
890
893
902
904
905
896
896
896
896
909
896
906
909
297
908
898
906
915
898
907
909
898
293
907
899
900
1249
909
906
0
896
289
915
906
969
898
908
907
290
898
930
898
879
290
1249
907
2682
288
899
909
909
900
294
294
898
292
890
892
311
311
887
279
294
289
294
879
0
1249
508
879
879
934
906
899
983
900
929
927
900
890
902
1249
897
897
674
895
896
894
890
1249
907
969
905
906
600
288
1249
283
901
1249
900
895
287
287
2682
969
10189
894
894
904
879
901
888
904
904
912
896
895
895
896
904
895
895
904
1249
2682
3495
898
906
898
898
898
2682
897
894
894
0
0
508
904
901
904
1053
1249
0
879
879
970
919
0
969
2682
879
894
904
895
896
898
898
895
897
895
895
904
1249
896
898
904
912
2682
898
2682
906
2682
299
2682
299
1040
985
1038
178
987
1057
1249
0
1056
1030
1249
978
969
969
508
883
987
1048
1040
991
1057
992
982
879
912
949
508
487
508
508
508
879
536
879
508
305
305
0
2682
283
674
298
298
838
879
0
879
674
287
0
10189
282
316
284
316
970
282
0
0
2682
508
0
970
970
10189
3495
970
2682
970
1249
2682
1066
508
288
1249
288
293
309
508
3495
309
277
294
294
1053
1249
2682
2682
1249
942
508
2682
508
674
2682
2682
1249
286
1053
674
0
1249
508
0
178
1249
674
674
1249
508
508
10189
10189
290
290
508
508
1249
908
10189
897
3495
1249
1249
178
3495
10189
674
600
949
949
291
291
674
894
1249
3495
674
10189
674
674
10189
1053
838
3495
866
1249
10189
1053
1249
10189
291
838
291
10189
0
3495
1249
3495
196
1053
289
1249
3495
912
289
1053
0
0
283
1249
3495
3495
1066
487
220
212
211
210
1249
233
210
1053
293
293
1053
162
200
200
213
213
207
210
162
156
1053
213
210
156
211
161
161
218
0
159
223
159
1053
209
1053
171
1249
211
171
212
220
212
227
234
229
212
228
215
223
228
216
216
213
213
227
1066
214
215
229
229
230
536
217
237
223
942
218
232
196
922
942
217
231
217
231
1249
1249
220
218
232
233
1249
204
178
207
196
3495
178
1249
290
290
178
196
210
198
203
217
220
216
203
207
240
1249
12444
210
12471
219
12831
0
308
178
0
307
15421
15389
0
0
13723
1249
178
0
178
305
0
16045
600
205
203
12142
0
1249
14672
866
0
178
308
208
153
153
0
564
178
196
213
310
213
0
218
221
178
220
224
312
215
213
214
220
213
196
219
213
283
600
213
219
1249
215
215
221
912
250
196
214
214
215
487
213
912
487
897
208
218
213
220
221
990
224
214
215
990
220
178
213
897
213
219
990
213
213
897
178
990
178
990
536
0
178
1249
214
219
990
221
215
214
215
215
1249
262
207
1249
990
209
990
205
178
990
241
308
0
196
536
990
196
893
246
990
277
237
3495
12444
990
218
220
218
210
210
215
209
990
1249
209
209
212
209
1249
204
990
208
0
245
0
0
0
148
990
0
0
216
912
1066
291
1249
261
990
261
207
259
207
178
3495
990
223
1249
224
222
285
212
209
990
264
266
12471
990
990
1249
229
1249
990
284
284
892
178
178
866
211
990
0
890
990
1249
561
225
421
460
866
0
949
0
0
0
0
203
990
297
892
12831
1249
859
847
853
990
196
297
0
0
0
0
0
0
0
990
0
0
0
0
0
0
196
942
0
990
1249
1249
178
990
962
0
1409
962
962
949
949
949
210
990
1249
949
949
949
949
0
949
13723
949
990
949
949
0
0
0
0
990
0
0
0
0
0
1249
0
0
0
1249
0
0
0
990
0
0
0
0
0
1249
0
0
0
0
0
0
0
990
178
0
0
0
949
0
178
292
990
292
949
178
212
233
0
16045
949
1249
178
990
0
0
178
0
0
0
0
0
0
0
1249
990
0
0
0
0
0
1249
0
12444
0
0
990
0
0
12444
1249
0
0
1249
990
209
15421
223
0
0
0
0
990
0
0
0
217
0
0
990
1249
0
0
12444
0
0
0
0
1249
990
0
1066
0
0
12444
0
202
990
0
1249
0
0
0
1077
0
0
0
0
990
0
0
12142
0
12471
0
990
0
1249
949
12471
990
12444
0
949
206
12444
12444
309
949
309
12444
0
0
990
0
0
0
0
0
0
0
0
12831
0
0
990
0
0
308
0
0
308
0
990
0
0
0
1249
990
306
306
1249
990
12831
1249
15389
990
0
1249
0
990
239
0
0
0
308
308
276
13723
990
14672
990
13723
0
0
0
0
0
0
0
1249
1249
16045
990
897
0
16045
0
949
908
0
0
0
0
0
0
0
839
0
285
990
0
0
0
564
0
891
1249
0
0
990
0
990
0
1249
0
0
211
0
1249
1249
893
0
0
15421
990
0
0
990
949
0
15421
0
0
838
0
990
1249
1249
838
12142
306
306
274
990
12142
216
0
0
1249
949
0
990
949
0
1249
838
838
949
1249
0
283
1249
15389
949
990
1249
949
0
0
0
0
1249
15389
0
14672
1249
990
838
14672
1249
564
0
0
990
211
1249
0
949
838
838
1066
564
990
1066
893
838
148
1249
211
838
990
1249
1249
893
216
0
0
0
990
1066
0
1249
0
1066
0
216
1249
942
0
0
942
1249
990
0
0
1249
990
0
1249
1066
942
0
0
942
847
990
1066
1249
1249
1249
1066
148
0
1066
990
0
0
0
0
1066
0
0
1249
859
148
942
990
942
0
1249
853
600
1249
600
942
1249
0
990
212
0
245
1249
0
942
942
1249
0
600
990
245
0
600
973
1249
973
973
973
245
990
912
1249
600
1249
1249
973
908
912
973
973
973
912
973
973
973
973
973
973
973
973
973
600
973
973
973
990
973
973
973
600
973
1249
973
973
973
973
973
973
973
973
973
600
973
973
973
973
973
973
600
973
973
973
973
973
973
912
990
912
229
912
912
990
229
229
990
1249
912
912
1249
990
912
225
912
912
912
912
990
225
912
912
213
225
990
912
908
969
908
908
912
990
912
973
421
990
912
213
973
973
973
973
973
973
973
973
914
421
1249
421
990
973
973
1249
892
973
911
990
561
561
561
990
973
973
973
969
973
973
973
973
973
973
973
990
460
973
973
897
973
973
460
990
460
973
973
973
1249
973
1249
990
973
973
1249
973
973
973
990
973
893
907
973
983
984
990
973
912
973
912
1249
983
912
990
1249
973
0
0
973
973
973
973
973
973
973
973
973
973
973
990
979
973
973
973
973
0
973
1249
980
990
973
973
973
0
990
973
1249
980
973
973
0
973
1249
1249
990
973
973
973
973
981
973
1033
973
0
540
206
309
469
990
982
840
544
306
1780
495
982
990
0
0
301
911
978
973
973
300
0
990
980
1249
949
979
911
1249
949
305
990
981
949
1033
1249
949
978
949
0
0
949
949
949
949
949
0
949
0
0
949
990
0
949
949
1249
912
973
973
973
973
981
990
973
980
211
973
1249
1249
990
911
980
309
1033
973
979
973
1033
990
973
973
973
973
973
309
973
309
980
990
908
973
981
973
973
973
973
973
973
973
973
973
990
469
982
973
973
469
973
990
1249
979
973
990
984
1249
487
840
982
469
908
487
990
1249
985
1249
840
215
990
977
487
840
1249
223
536
544
977
536
990
487
544
1249
990
536
981
912
544
1249
487
487
982
990
3495
3495
3495
1249
1780
3495
1780
487
1780
977
536
487
990
1249
487
536
536
978
1249
536
1249
990
879
3495
536
982
536
879
540
3495
982
990
1249
3495
3495
879
3495
540
978
540
922
3495
903
990
3495
906
1249
941
904
3495
901
3495
931
902
905
929
3495
930
917
920
922
3495
905
894
941
3495
980
3495
3495
990
206
1249
3495
3495
3495
3495
3495
980
3495
3495
3495
986
3495
3495
206
206
990
3495
3495
3495
206
3495
3495
3495
3495
983
3495
3495
990
3495
3495
3495
3495
985
3495
3495
3495
3495
3495
3495
3495
990
3495
3495
3495
3495
977
495
3495
3495
3495
495
3495
979
990
3495
495
3495
3495
3495
978
3495
3495
3495
206
3495
3495
1249
990
3495
1249
3495
978
3495
990
3495
912
976
3495
3495
3495
978
3495
990
912
912
3495
3495
3495
979
3495
206
206
3495
3495
990
3495
206
206
1249
3495
3495
979
3495
3495
3495
990
3495
3495
980
990
978
215
1142
1249
3495
990
980
908
317
3495
979
990
3495
1249
990
3495
979
3495
317
3495
3495
3495
3495
3495
3495
1249
977
3495
3495
3495
3495
3495
3495
3495
3495
3495
3495
990
3495
3495
3495
3495
3495
3495
3495
979
908
908
990
3495
215
3495
980
3495
3495
215
215
3495
215
3495
990
982
3495
3495
3495
3495
3495
3495
3495
1142
982
3495
3495
990
3495
212
3495
1142
1142
973
984
3495
3495
3495
990
3495
985
3495
3495
3495
215
3495
986
3495
3495
990
1249
979
3495
3495
912
990
3495
3495
3495
979
3495
3495
990
3495
3495
3495
3495
3495
215
215
981
215
215
912
980
990
1249
3495
981
3495
3495
912
912
990
981
3495
982
990
3495
3495
1249
3495
979
1249
990
1249
980
210
211
990
178
178
178
178
981
233
210
178
220
212
178
178
178
178
178
178
178
990
980
215
1249
211
223
178
178
178
178
178
982
990
178
969
990
982
204
207
178
178
178
196
178
982
178
178
990
983
178
990
981
178
982
178
969
969
969
990
980
217
216
240
178
178
220
207
178
178
178
178
990
178
981
1249
178
178
178
178
3495
178
990
203
198
203
976
210
178
178
178
979
178
990
178
178
1249
196
178
178
178
212
976
178
990
234
227
220
215
228
228
213
979
990
227
213
196
178
215
229
178
216
981
229
222
214
178
990
178
178
178
178
983
990
178
178
178
178
178
178
985
178
178
990
178
178
178
178
986
178
178
178
178
178
978
178
990
178
178
178
979
178
178
990
178
980
230
178
237
178
217
178
223
218
980
990
232
217
217
231
178
231
220
218
178
233
178
980
990
232
178
178
178
178
981
178
178
178
178
990
178
979
178
178
178
178
178
990
981
178
178
178
178
178
178
178
178
990
178
980
178
178
178
981
178
200
979
970
990
200
213
213
207
162
156
210
981
210
218
156
162
213
211
161
171
159
159
161
209
171
223
981
216
990
212
212
229
178
178
178
178
178
178
979
178
178
178
178
178
178
178
990
178
178
178
178
178
178
178
978
178
178
178
178
178
178
178
178
178
178
178
178
178
178
178
970
178
980
178
178
178
178
178
178
178
178
178
178
178
178
219
178
178
178
205
178
208
178
990
178
153
970
203
153
979
970
178
178
178
178
178
178
178
178
178
912
178
1249
978
990
912
262
979
990
912
1249
980
908
908
250
207
908
973
908
973
973
973
908
908
908
908
908
908
973
990
973
908
981
3495
979
178
178
990
178
3495
178
979
178
990
178
981
3495
3495
178
980
213
224
990
214
219
213
213
220
213
221
220
178
213
218
215
215
219
215
213
980
221
214
990
979
214
215
178
178
178
980
178
178
178
178
178
178
990
178
178
178
980
178
178
178
178
990
979
178
178
178
178
178
178
178
982
178
178
178
990
178
178
178
178
984
178
178
178
990
178
178
984
178
990
178
983
178
178
178
213
178
224
213
220
214
990
221
178
218
178
215
178
178
981
220
213
990
982
219
213
213
213
215
215
219
981
221
990
214
214
215
981
178
990
178
178
178
178
178
178
981
178
178
990
178
178
178
178
178
981
990
178
178
982
178
178
178
990
178
178
178
178
178
178
984
178
990
223
178
984
178
178
178
178
178
178
178
178
178
178
990
178
209
178
178
178
178
178
178
205
178
216
178
983
178
211
911
178
178
212
214
209
209
979
216
990
208
206
212
208
207
178
178
278
237
3495
216
207
246
219
178
178
219
259
261
261
980
990
207
178
178
178
178
178
979
178
178
911
990
178
178
178
178
911
911
178
980
990
178
178
178
990
977
178
222
235
221
242
990
223
242
223
243
223
236
221
979
253
237
252
212
221
979
990
223
222
224
226
1249
980
178
178
178
178
990
178
178
264
976
266
212
178
178
178
990
178
178
981
178
211
178
868
883
861
990
178
858
178
982
178
178
178
178
178
178
990
979
178
178
178
858
849
849
860
852
857
975
990
863
856
863
857
858
857
178
856
862
853
858
868
853
858
854
872
866
990
858
858
981
869
858
858
858
857
871
864
870
857
870
876
1249
873
860
869
860
982
871
878
990
890
979
896
885
990
879
879
891
977
879
891
891
990
979
881
912
990
892
881
859
893
857
977
860
867
855
845
852
852
990
980
3495
990
976
3495
912
845
912
3495
978
912
3495
3495
3495
3495
990
978
3495
3495
3495
3495
3495
3495
3495
3495
3495
3495
3495
978
990
3495
978
3495
845
848
855
990
850
851
979
866
854
3495
178
990
178
866
178
866
979
178
178
178
178
862
178
178
990
862
870
888
178
980
855
857
857
865
1249
864
864
990
858
977
871
858
211
866
858
845
858
990
981
866
857
857
990
865
861
982
861
868
860
860
894
990
845
983
1249
859
211
857
865
857
977
864
990
864
871
980
211
858
858
866
977
858
990
857
893
858
865
857
866
978
866
861
861
990
979
866
978
866
857
990
850
866
852
913
863
860
852
855
860
870
853
864
868
990
860
979
853
857
859
852
857
857
853
853
853
981
852
990
865
863
889
915
864
885
980
990
852
866
855
990
980
868
863
869
867
858
853
858
857
913
857
863
977
990
978
913
913
990
979
858
990
879
239
979
866
990
979
196
196
990
1249
196
990
866
981
196
848
1249
196
866
981
990
186
183
866
990
196
990
979
990
189
990
990
990
990
188
187
196
866
866
990
196
196
977
990
212
979
990
990
990
978
990
0
978
990
1011
990
979
213
990
0
1011
1011
1011
0
990
213
990
0
980
1011
990
990
1011
194
0
1011
1011
942
1011
1011
1011
1011
0
990
1011
990
1011
1011
980
1011
990
1011
1011
1011
1011
0
0
1011
0
0
1011
990
1011
0
1011
980
990
1011
1011
1011
1011
1011
990
1011
1011
942
1011
990
990
0
978
1011
1011
1011
1011
1011
0
0
0
990
990
1011
1011
990
0
0
1011
1011
0
0
0
990
980
1011
1011
0
1011
0
0
990
1011
0
0
1011
1011
0
1011
1011
0
990
1011
1011
0
1011
978
990
1011
990
0
0
1011
981
990
990
1011
0
0
990
1011
0
979
0
990
1011
0
1011
990
990
0
980
0
0
1011
0
981
990
1011
0
1011
990
0
0
1011
990
0
981
0
990
990
977
1011
1011
990
0
1011
0
0
0
1011
982
1011
990
1011
0
980
0
0
990
1011
0
990
0
990
990
1011
1011
1011
982
1011
990
990
990
990
990
990
0
990
990
1011
184
1011
978
990
990
981
0
190
0
983
990
158
0
982
0
1011
0
0
990
0
1011
0
0
883
0
0
1011
0
0
0
0
0
0
0
0
0
0
0
0
979
0
0
0
990
985
1011
1011
990
873
990
990
990
990
990
982
990
990
990
990
984
990
990
990
977
990
990
862
990
980
990
990
990
990
990
978
0
0
0
990
981
990
0
899
0
0
979
990
0
0
0
982
990
0
0
0
0
977
0
0
0
0
0
1011
0
0
0
1011
0
1011
1011
0
0
990
1011
978
990
990
990
990
990
979
990
990
990
990
990
990
990
990
990
990
979
990
990
990
990
0
990
1011
1011
978
990
0
1011
0
1011
979
0
0
0
990
990
1011
0
1011
1011
1011
185
1011
990
990
980
184
990
990
990
211
990
980
0
0
0
990
1011
990
216
979
990
1011
981
990
223
0
990
990
980
0
990
982
990
980
220
233
210
212
178
178
178
178
178
982
178
178
178
990
990
990
990
990
990
990
990
990
990
990
981
981
990
979
178
211
178
178
178
178
210
990
178
178
980
990
178
178
178
207
240
220
216
217
178
178
178
178
178
981
178
178
990
215
211
178
178
221
178
178
981
178
178
990
982
859
980
990
982
207
990
178
178
178
204
178
178
178
196
981
200
162
213
213
200
162
213
981
207
156
156
990
210
218
171
990
161
159
211
209
161
210
171
980
229
212
223
216
178
212
159
178
178
178
178
178
178
982
178
178
990
178
178
178
178
178
178
178
178
178
178
178
178
981
178
859
178
178
178
178
178
178
178
990
178
178
178
990
178
178
178
178
178
178
178
981
178
178
178
178
178
178
178
178
212
178
178
227
178
234
220
213
178
990
228
980
215
178
228
213
229
229
215
227
990
214
980
178
178
990
178
178
178
178
178
859
982
178
178
990
980
178
178
178
178
178
196
178
982
990
178
178
178
178
178
178
980
178
178
178
990
178
982
178
178
196
230
178
217
223
237
218
232
981
990
982
231
217
220
231
217
980
990
233
218
232
982
178
178
178
178
178
178
990
178
979
178
178
178
178
178
990
178
178
178
178
178
979
178
178
178
981
178
178
178
178
990
178
178
980
178
178
990
979
203
198
178
178
203
990
210
178
178
178
178
178
982
990
178
178
979
219
990
178
982
990
262
178
178
854
207
178
178
178
981
178
203
153
178
990
178
205
208
178
982
178
153
178
178
178
178
178
990
178
178
178
178
980
178
178
178
982
251
212
178
981
990
855
224
220
219
213
215
218
213
214
178
221
213
178
219
982
213
213
220
178
213
215
978
990
979
214
215
221
215
990
178
214
178
178
981
178
178
178
980
178
178
990
178
178
178
178
178
854
977
990
178
178
178
178
178
178
980
178
990
178
178
178
982
178
178
178
990
983
178
178
178
178
178
178
178
990
979
178
178
981
990
178
178
178
178
178
178
178
213
178
213
178
178
178
178
178
218
220
980
221
990
178
224
980
214
215
220
213
990
217
981
213
215
219
219
213
215
213
221
985
990
215
214
178
178
178
178
985
178
178
178
214
178
178
990
983
178
178
178
178
981
178
178
178
223
178
990
178
983
178
178
178
178
178
983
990
216
178
981
178
978
178
178
178
178
178
178
178
178
178
178
178
990
178
178
178
178
178
178
981
221
178
209
178
205
990
178
178
212
980
178
178
246
178
990
237
219
277
217
981
219
207
211
178
178
990
209
207
982
216
208
204
205
212
207
204
0
981
990
877
0
178
978
0
990
990
981
990
990
990
990
990
178
178
990
990
990
261
978
990
990
990
990
990
990
259
261
990
990
990
178
178
178
207
978
178
178
178
178
178
990
178
178
979
224
223
178
222
178
178
178
178
990
178
178
178
212
979
266
178
264
178
178
990
178
178
178
178
980
211
178
178
990
178
178
178
981
178
178
178
178
178
178
0
0
983
0
990
0
0
0
0
0
0
982
178
0
990
0
0
0
0
979
0
0
990
0
0
980
0
0
0
856
0
0
0
866
978
990
0
0
0
0
0
0
980
0
990
0
979
0
0
990
0
980
0
0
0
0
0
982
860
0
0
990
0
0
0
0
0
0
0
981
0
0
0
0
0
0
0
0
0
0
0
0
0
0
0
978
0
178
178
0
0
178
178
990
0
178
178
178
981
178
178
178
0
0
990
0
980
0
0
0
990
0
0
978
0
0
0
0
0
0
979
0
990
0
0
0
0
0
0
211
0
0
0
0
990
0
981
0
0
0
0
0
0
0
0
980
0
0
0
990
0
0
980
211
0
0
990
978
0
0
990
0
0
0
0
978
0
0
0
0
0
0
0
979
0
211
990
178
0
0
0
978
178
990
178
0
978
0
223
222
223
221
237
0
223
235
242
243
221
253
990
236
978
242
252
212
226
0
221
178
178
979
990
0
178
178
980
178
178
178
178
178
990
178
178
178
980
178
178
178
178
178
990
178
983
178
178
178
178
0
178
178
982
178
990
178
178
178
0
178
178
178
178
981
0
178
178
0
990
0
0
0
0
980
0
0
990
0
0
0
0
0
0
0
0
0
0
0
981
0
0
0
0
0
0
0
0
0
990
0
0
0
0
0
0
0
983
0
0
0
0
0
990
0
0
0
0
0
984
0
0
0
239
990
0
979
990
981
0
0
0
0
0
0
0
0
0
0
0
0
0
0
0
0
0
0
979
990
0
980
0
990
0
0
207
979
213
981
990
0
0
0
0
0
0
979
990
0
0
0
0
0
0
0
0
0
0
0
0
0
0
0
0
0
0
0
0
0
0
0
0
0
0
0
990
0
0
0
0
0
0
0
0
0
0
0
0
0
0
0
0
0
0
0
0
0
990
209
0
0
0
0
0
0
990
0
0
0
990
0
0
0
0
0
0
0
0
0
0
990
0
0
0
980
0
0
990
0
0
0
0
981
0
0
0
0
979
990
0
0
0
0
990
979
0
0
0
0
0
990
0
0
0
0
0
0
0
979
0
0
0
0
0
0
0
0
0
0
0
0
0
0
0
990
0
978
0
0
0
0
0
0
990
0
0
0
0
980
0
0
0
0
0
0
990
0
981
0
0
0
0
0
0
0
0
0
0
0
0
0
0
990
0
979
0
0
0
0
0
0
990
0
0
0
0
0
980
0
0
0
0
0
981
0
990
0
0
0
0
981
0
861
990
0
0
982
866
0
0
0
0
0
0
0
0
979
990
0
0
981
0
0
990
0
0
982
990
981
857
0
0
0
980
0
990
0
0
0
0
0
0
0
0
982
990
979
983
315
12444
315
283
990
12444
979
0
990
12444
982
292
12444
12444
978
990
12444
980
12444
0
0
12444
990
0
1097
1095
1095
1095
1095
1087
1095
1099
12444
1095
223
1087
1095
979
1087
1095
1087
1095
1095
1070
1070
990
980
1070
1070
0
1087
0
1070
0
980
0
1095
1087
990
1087
1095
1070
0
1095
1070
1095
0
981
1095
1095
1087
0
990
1070
1095
1095
980
990
1066
1070
981
1070
0
990
1095
982
1095
1076
1070
982
1070
1070
1070
1077
1078
1077
1077
211
990
980
1077
1070
1070
1066
1066
1066
983
1066
1066
1066
990
1066
1066
980
1066
1066
1066
1072
1077
1077
214
990
982
1070
1070
1075
1077
1070
1070
979
990
1077
1077
1077
0
979
1095
1095
1095
990
1087
1070
1077
1070
1081
1070
1077
1070
979
1077
1070
990
980
1120
990
978
1077
1077
1077
980
990
1077
1093
1113
1085
1077
1077
1077
1077
1077
1077
1077
1077
1085
1078
1070
978
1070
990
0
1077
1077
1077
979
1070
1077
1070
990
1070
1070
1070
1070
981
1070
1070
1070
1070
1077
990
1090
980
1077
1070
1070
1070
1077
1070
979
1077
990
1077
1070
1077
1080
1077
1070
1076
1077
1070
1084
980
1077
1070
1077
1077
1077
1070
990
1070
1092
1070
1077
1104
1070
1077
979
1070
1086
1077
1070
1077
1070
1078
1070
1077
980
1077
990
1070
866
1077
1070
981
1070
990
981
866
0
866
1070
990
0
979
1077
867
898
884
1097
883
869
869
859
869
889
894
874
866
870
899
891
868
981
1103
885
1077
990
1070
1077
982
1077
1070
1070
1076
1070
1073
1077
1077
1070
980
1075
1070
1077
990
1084
1077
1070
1077
1077
980
1070
1077
1070
1083
1070
1077
1070
1070
1077
1077
1086
990
1070
1070
1070
1070
1077
981
1076
1077
1089
1077
1070
1077
1077
1081
1070
0
1070
1077
1070
1077
982
1077
1077
1070
1070
1078
1077
1070
990
1081
1070
1081
1077
1077
1070
1077
1070
1089
1077
1077
1070
1077
981
1070
1077
1070
1070
1083
1084
1077
1070
1086
1070
1077
1077
1077
990
1089
1077
1070
1070
1070
1070
1077
1070
1079
1080
1070
980
1084
1077
1077
1077
1070
1070
1077
1077
1091
1070
1077
1070
1077
1077
1077
1084
1070
1070
1077
990
1093
1070
1070
1096
1070
1070
1070
1077
1070
1083
1077
980
1077
1070
1077
1070
1072
1077
1077
1070
1077
1077
1070
1077
1077
1084
1077
1070
1077
1096
1070
1070
1077
1070
1093
1070
979
1089
1082
1070
1077
1077
1077
1070
1070
1077
1100
1077
1070
990
1070
1077
1077
1083
981
980
1070
1087
0
990
1077
981
1095
1077
1070
1070
1083
1077
990
1070
1077
1070
979
1077
1094
1077
1070
1070
1083
1077
1077
990
980
1070
1094
1070
981
990
1077
1070
1077
979
1077
1086
1070
990
1070
1077
978
1097
1077
1070
990
1070
1070
1077
1085
979
1077
1077
1070
1070
990
1095
1077
1070
1077
979
1070
1090
1077
1070
1077
978
990
1102
1070
1077
980
1077
1070
1077
1070
1077
1096
990
1070
982
1070
1107
1077
979
1077
12471
1070
990
1070
980
1077
1070
1077
1090
1070
212
1077
1102
990
1070
1077
981
1070
1091
1077
1077
981
990
1070
1070
1103
1077
979
990
1077
1070
12471
1077
1070
1091
1077
980
1070
990
1070
1077
1077
1103
981
1070
1070
1093
1077
981
1077
1070
990
1070
1077
980
1077
1105
982
1077
990
1070
1070
1077
1092
979
1077
223
1077
1070
1077
1070
990
1077
12471
1104
1070
1070
1070
982
1077
1070
1082
1077
979
1077
990
1070
1070
1070
1077
0
1077
1070
981
0
0
990
0
212
0
0
979
0
0
1087
0
1087
1110
990
1087
1111
981
1095
1077
1095
0
1087
1095
1070
1070
1091
1077
1077
978
1077
1070
990
1083
1070
1077
1077
981
1077
1070
1070
1084
981
1077
990
1077
1070
1070
1082
1077
979
1077
1070
1070
1078
990
1077
12471
1077
980
1070
1070
1077
1088
1077
981
990
1070
1070
1083
1077
990
981
1077
1070
1070
1089
1077
1077
980
1070
1077
1083
1070
990
1077
1070
978
1070
316
316
990
978
284
1077
980
990
1077
980
990
1077
978
1091
1088
1082
1083
1083
1090
1083
1096
1088
1082
1083
1083
1083
1091
293
990
1091
979
1086
1086
1093
980
1085
1085
1085
990
1077
1077
1077
1077
1077
982
1077
1077
990
1077
1077
983
1077
1077
1077
1077
1077
1077
1077
1077
990
1077
1077
982
1077
1077
1077
1077
1077
990
1077
1077
1077
1077
980
1077
1077
1077
981
990
1077
1077
990
981
1077
1077
1077
1077
1077
1077
1077
1070
1077
1077
1070
1077
1070
1070
1070
1077
1070
1070
1077
982
990
1070
977
1077
1070
1070
1070
1070
1070
1070
1070
978
990
1070
1070
1070
977
1070
1070
990
979
1070
1070
1070
1070
990
977
1070
1070
1070
1070
1070
1070
978
990
1070
1070
1077
1070
1077
976
1070
990
1070
1077
978
990
1077
1070
1070
1070
1070
1082
1077
976
1082
1070
1070
1070
1070
1090
990
1088
1096
1088
1083
1083
977
990
1083
1083
1091
1077
1091
1083
977
1091
1083
990
1086
978
1086
1070
1085
1093
1077
1085
1077
1085
977
1077
1077
990
1077
1077
1077
977
1077
1077
976
990
1077
1077
978
1077
1077
1077
977
990
1070
1077
1077
1077
1077
1077
1077
1077
990
977
977
1077
990
977
1077
990
978
1077
1077
1077
1077
1077
1077
1077
1077
1077
1077
1077
1077
1077
1077
1077
1077
1077
1077
1077
1077
1077
977
990
1077
1077
1109
1077
977
1070
1070
1070
1070
990
1070
977
1070
1070
1070
1070
1070
1077
1070
990
1070
1077
977
1070
1070
990
1070
977
1070
1070
1070
1070
1070
978
1070
1077
1070
990
1070
977
1070
1070
1070
990
977
1070
1070
1077
1070
1070
1070
1070
1070
1070
977
1070
990
1070
1077
976
1070
990
1077
0
0
1077
12471
0
0
976
1077
1077
1070
1077
1077
1077
1070
1070
1077
1070
12471
1077
1070
990
1070
1077
1070
1077
977
1077
0
12471
1077
0
0
1077
0
0
0
990
0
0
12471
979
0
0
12471
0
0
990
1077
0
0
0
1077
0
0
0
0
980
0
990
0
0
0
1070
0
982
0
0
990
0
0
0
982
0
0
0
0
990
0
0
984
0
0
0
0
0
0
1077
0
0
0
0
985
0
0
0
0
990
0
0
0
0
0
0
178
0
986
178
990
975
178
223
242
223
237
221
252
222
223
221
226
253
212
235
221
243
236
990
178
242
178
178
178
977
178
178
978
178
178
990
178
0
990
977
178
178
178
178
178
178
178
178
977
990
178
178
178
178
178
178
977
178
990
178
977
178
178
178
178
178
178
975
178
178
990
0
178
0
0
976
990
0
0
0
0
0
0
0
0
977
0
0
0
0
0
0
0
990
0
0
0
0
977
0
0
0
977
0
0
990
0
0
0
977
0
0
0
0
977
0
990
0
0
0
0
0
977
990
0
0
0
0
0
975
0
990
0
0
0
0
976
990
0
0
0
0
1077
977
0
990
0
0
0
977
990
0
0
1077
1077
1077
1077
0
0
0
1077
0
990
0
0
0
1077
1077
977
0
0
0
1077
1077
1077
0
0
0
0
0
0
977
990
0
0
0
977
0
0
0
0
0
0
990
0
1070
977
0
0
0
976
0
990
0
977
0
0
0
0
0
0
978
990
0
0
0
977
0
0
0
0
0
990
0
0
977
0
0
0
0
0
0
0
0
0
977
990
0
977
0
1077
0
0
990
0
977
0
975
0
1070
0
990
977
0
0
0
0
0
0
0
1077
0
0
990
1077
0
978
0
990
977
1077
0
0
990
977
1070
1070
1070
1070
314
12831
1070
1070
282
1070
1070
1070
1070
314
12831
977
990
977
990
12831
977
1070
291
990
0
12831
1077
0
0
0
0
975
990
12831
0
0
0
0
0
0
0
0
12831
976
990
0
0
0
0
0
0
0
0
0
0
0
0
0
0
12831
0
0
0
0
12831
977
0
12831
0
990
0
0
0
977
0
0
0
0
0
977
0
990
0
0
0
990
0
977
0
0
0
990
0
0
0
977
0
0
0
0
0
0
0
977
0
0
0
0
990
0
0
0
0
0
0
0
0
0
975
990
0
977
990
0
0
0
0
0
0
0
978
0
0
0
0
0
0
0
0
0
0
0
0
0
0
1070
0
0
0
0
0
0
0
0
990
977
1070
1070
1070
0
977
1070
1070
1070
990
1070
1070
1070
0
0
0
0
977
0
0
0
0
0
990
0
0
0
0
0
0
0
0
0
0
0
977
0
0
0
0
990
0
0
977
0
0
0
990
975
0
0
0
0
0
0
0
0
0
0
0
990
977
0
0
0
0
978
990
0
977
0
0
990
0
977
0
0
0
0
0
0
0
0
0
0
0
0
978
990
0
0
0
0
0
0
978
0
0
0
0
0
990
0
0
978
0
0
0
0
0
0
0
976
990
0
0
0
0
0
990
977
0
990
978
1077
0
977
13723
990
977
13723
0
977
990
13723
0
0
977
0
13723
0
0
0
990
0
0
0
0
13723
0
0
977
0
0
990
13723
0
0
975
0
0
0
13723
0
0
0
0
0
0
0
0
0
0
0
0
0
0
0
0
0
0
977
0
13723
0
990
0
0
0
13723
0
0
0
0
0
0
0
0
0
0
0
0
0
0
0
0
0
0
978
990
0
0
0
0
0
977
990
1077
0
0
977
990
0
0
977
0
0
0
0
0
0
990
0
977
0
1077
0
1077
977
0
0
0
0
990
0
0
0
0
0
980
0
0
0
0
0
990
0
0
0
0
981
983
990
0
0
982
0
0
0
0
990
0
0
0
0
0
0
0
0
0
0
0
0
0
0
0
0
990
0
0
0
0
0
0
0
990
0
0
0
0
0
0
0
990
0
0
0
0
0
0
0
0
990
0
0
0
0
0
0
0
981
990
0
0
984
0
0
0
0
990
0
982
1070
0
0
0
0
0
0
0
0
0
983
990
0
0
0
976
0
0
0
990
0
0
0
0
1077
0
983
0
0
0
0
0
0
16045
990
0
0
0
0
976
0
0
0
0
0
0
0
0
0
0
990
0
0
1077
0
0
977
0
990
977
16045
990
0
978
16045
976
16045
990
977
0
0
0
0
979
990
0
16045
0
0
0
0
0
0
0
0
0
0
977
16045
0
0
0
0
0
0
0
0
0
0
0
0
0
0
0
16045
0
0
0
0
0
0
990
0
976
16045
0
16045
0
0
0
0
0
978
0
990
0
0
0
0
0
0
0
0
0
976
0
0
0
0
0
990
0
0
0
0
0
0
0
0
0
978
0
0
0
0
0
0
0
0
0
0
0
0
0
990
0
0
0
976
0
980
990
0
0
0
0
0
976
0
0
0
0
0
0
0
0
0
0
0
0
0
0
0
0
0
0
0
0
0
990
0
980
0
990
0
977
0
0
0
0
0
0
0
0
0
0
0
978
990
0
0
0
0
0
0
0
982
0
0
990
0
0
0
0
0
0
0
982
0
0
990
0
0
0
0
0
0
976
0
0
0
0
0
0
0
0
990
0
0
0
0
979
0
0
0
0
978
990
0
0
0
0
0
0
0
979
0
990
0
977
0
990
0
0
0
0
0
0
981
0
0
990
0
981
0
0
0
0
0
978
0
990
977
0
990
15421
15421
317
317
285
980
990
978
15421
0
0
0
0
0
0
15421
294
0
15421
0
990
0
980
15421
0
0
0
0
0
0
0
0
0
0
0
0
0
0
0
0
0
0
0
0
15421
0
990
0
0
982
0
0
0
0
0
0
0
0
0
0
0
0
0
0
0
0
990
0
0
0
0
0
0
0
981
0
0
0
0
990
0
0
0
0
0
0
977
0
0
0
0
990
0
0
0
0
0
0
0
981
985
990
0
0
0
15421
0
15421
0
0
0
0
0
983
1077
0
0
0
0
990
1077
0
0
0
0
1077
0
0
979
990
0
0
0
0
0
0
0
1108
0
1091
0
1109
1116
0
0
0
980
1124
1077
1115
1094
1090
1093
1077
1089
0
1124
1083
1077
1077
1099
1077
1077
1077
1107
1115
1077
1077
976
1089
1092
1077
1077
1077
978
1077
1077
1077
1077
1077
1077
1077
1077
1077
1077
1077
1077
979
1077
1077
1077
1077
1077
1077
1077
1077
1077
1070
1070
1070
1077
1070
1070
1070
1070
978
1070
1070
1070
990
1070
1070
1070
979
1070
1070
1070
1070
1070
990
1070
979
1070
1070
1070
1070
1070
1070
1070
990
1070
1070
981
1070
1070
990
982
1070
1070
1070
0
1070
978
0
0
990
0
0
0
0
0
979
0
990
0
0
990
0
979
0
0
0
0
0
0
0
0
0
0
0
0
0
0
990
0
0
0
0
0
0
0
978
0
0
0
0
0
0
990
0
0
0
0
0
0
977
0
0
978
990
0
0
0
0
0
0
977
0
990
978
12142
12142
0
0
0
981
0
0
0
0
990
0
981
0
0
0
0
0
990
982
0
0
0
0
0
0
0
0
990
0
0
0
0
0
982
0
0
0
0
0
990
979
990
982
12142
12142
0
0
980
0
0
990
982
0
0
990
0
0
0
0
976
0
0
0
0
0
0
0
0
0
0
0
0
0
0
0
0
0
0
0
0
0
0
0
0
0
0
0
990
0
0
0
0
0
0
0
0
0
0
0
0
0
0
979
0
0
0
0
0
0
0
0
0
0
0
0
0
979
0
990
979
990
0
0
0
979
0
990
12142
0
0
982
12142
0
0
12142
0
977
0
990
0
12142
12142
0
0
0
0
0
0
980
0
0
0
0
0
0
0
990
0
978
0
0
0
0
0
0
0
0
979
0
990
0
0
0
976
0
0
0
0
990
0
0
0
0
978
990
0
0
0
0
977
0
0
0
0
0
0
990
0
0
0
0
0
0
0
0
979
0
0
0
0
0
0
0
0
0
0
0
990
0
0
0
0
0
978
0
0
0
0
0
0
0
0
990
979
0
0
0
0
0
0
0
0
0
0
978
0
0
990
0
0
0
0
0
0
0
0
0
979
0
0
990
0
0
0
0
978
0
0
0
0
979
0
0
0
0
0
0
0
0
990
0
0
0
980
0
0
0
0
0
0
0
0
0
0
981
0
0
0
0
0
990
0
982
0
0
0
990
0
0
982
0
0
0
977
0
990
0
0
0
0
0
0
0
0
0
990
0
979
0
0
0
0
0
0
0
0
0
0
0
0
0
0
0
980
0
0
0
0
0
990
0
0
0
0
981
0
0
0
0
0
0
0
0
0
0
990
0
978
0
0
0
0
0
0
0
0
0
0
980
990
0
0
0
979
0
990
0
0
0
0
0
980
0
0
0
0
978
0
0
0
0
0
0
0
0
990
0
0
0
0
0
0
0
980
0
0
0
0
0
0
0
0
979
990
0
0
0
0
0
0
0
0
0
0
980
0
990
0
0
0
0
0
990
0
979
0
0
0
0
0
980
0
0
0
0
978
0
990
0
0
0
0
0
981
0
0
0
0
0
0
990
0
0
979
0
0
0
0
0
980
990
0
0
0
977
0
0
0
0
990
0
0
0
0
0
0
977
0
0
0
990
0
0
0
0
0
0
0
990
0
978
0
990
15389
977
990
977
990
15389
979
990
15389
990
976
14672
14672
319
319
287
990
979
15389
15389
14672
14672
990
980
15389
296
564
981
564
15389
14672
977
15389
990
564
15389
14672
14672
893
14672
893
564
979
14672
893
990
564
893
990
564
0
976
0
564
0
893
990
0
978
893
564
564
216
216
308
276
308
990
0
893
216
978
285
0
0
893
216
0
893
0
990
978
0
216
0
979
0
0
0
990
216
0
981
0
0
216
148
0
0
148
216
990
980
148
216
0
148
0
0
0
148
0
979
990
0
0
0
0
148
0
0
0
0
0
148
0
978
990
148
0
148
0
0
0
982
245
245
245
0
980
973
990
245
0
973
973
973
245
973
973
973
0
908
908
908
909
0
981
973
973
990
245
973
973
973
973
973
0
973
973
973
973
973
973
973
0
973
973
973
973
973
973
973
973
973
973
973
0
973
245
977
973
973
973
973
973
973
973
973
973
990
0
0
973
973
973
912
912
973
973
912
973
973
245
245
912
973
912
973
912
912
913
973
912
979
912
990
912
912
912
970
912
973
912
912
990
912
973
973
973
973
973
912
973
973
990
973
973
973
973
973
973
973
973
990
973
973
973
973
973
973
973
990
970
912
990
973
973
973
973
973
973
973
973
973
973
973
990
973
973
973
973
973
973
973
973
973
973
973
973
990
973
973
973
973
973
973
973
990
973
973
973
973
973
973
973
973
990
973
973
973
973
973
973
973
229
909
990
973
973
973
908
908
973
973
990
973
973
973
229
973
973
973
973
973
973
973
973
990
973
990
229
229
973
990
225
225
229
225
225
421
990
421
229
225
229
421
421
973
225
229
561
288
320
320
561
421
229
990
561
225
297
225
421
561
225
460
908
460
990
561
421
292
324
460
324
421
561
301
460
421
460
987
985
988
998
985
990
1014
990
561
460
990
1000
561
973
983
981
561
460
460
984
983
460
981
977
979
994
990
893
983
996
973
983
1001
990
993
1020
986
893
993
982
1012
993
990
1000
985
984
990
1027
981
990
990
990
990
990
990
990
990
990
990
990
990
990
990
990
990
990
990
990
990
996
990
987
1249
